[gd_scene load_steps=18 format=3 uid="uid://cjelnl8pk77l"]

[ext_resource type="PackedScene" uid="uid://7glsvpruqjem" path="res://Enemys/Zombie/gltf/maxdamage_zombie-low-poly.gltf" id="1_t6g8y"]
[ext_resource type="Script" path="res://Enemys/Zombie/zombie.gd" id="2_v11h5"]
[ext_resource type="Script" path="res://Enemys/BodyPart.gd" id="3_l8drg"]

[sub_resource type="SphereShape3D" id="SphereShape3D_e4uuc"]
radius = 0.163526

[sub_resource type="CapsuleShape3D" id="CapsuleShape3D_hktev"]
radius = 0.153001
height = 0.590014

[sub_resource type="SphereShape3D" id="SphereShape3D_nrn77"]
radius = 0.239526

[sub_resource type="CapsuleShape3D" id="CapsuleShape3D_57lst"]
radius = 0.0605158
height = 0.400327

[sub_resource type="CapsuleShape3D" id="CapsuleShape3D_wj180"]
radius = 0.0912108
height = 0.378134

[sub_resource type="CapsuleShape3D" id="CapsuleShape3D_xjpay"]
radius = 0.137034
height = 0.571212

[sub_resource type="CapsuleShape3D" id="CapsuleShape3D_nth0h"]
radius = 0.100071
height = 0.480521

[sub_resource type="CapsuleShape3D" id="CapsuleShape3D_yt0xt"]
radius = 0.266208
height = 1.5726

[sub_resource type="AnimationNodeAnimation" id="AnimationNodeAnimation_3kigm"]
animation = &"Attack1"

[sub_resource type="AnimationNodeAnimation" id="AnimationNodeAnimation_n6h6k"]
animation = &"Walk"

[sub_resource type="AnimationNodeStateMachineTransition" id="AnimationNodeStateMachineTransition_f603o"]
advance_mode = 2

[sub_resource type="AnimationNodeStateMachineTransition" id="AnimationNodeStateMachineTransition_6g0gu"]
xfade_time = 0.2
advance_mode = 2
advance_condition = &"attack"

[sub_resource type="AnimationNodeStateMachineTransition" id="AnimationNodeStateMachineTransition_q4s30"]
xfade_time = 0.2
switch_mode = 2
advance_mode = 2
advance_condition = &"walk"

[sub_resource type="AnimationNodeStateMachine" id="AnimationNodeStateMachine_5nmoi"]
states/Attack1/node = SubResource("AnimationNodeAnimation_3kigm")
states/Attack1/position = Vector2(616.188, 100.022)
states/End/position = Vector2(794, 93.176)
states/Walk/node = SubResource("AnimationNodeAnimation_n6h6k")
states/Walk/position = Vector2(395, 100.283)
transitions = ["Start", "Walk", SubResource("AnimationNodeStateMachineTransition_f603o"), "Walk", "Attack1", SubResource("AnimationNodeStateMachineTransition_6g0gu"), "Attack1", "Walk", SubResource("AnimationNodeStateMachineTransition_q4s30")]
graph_offset = Vector2(95.1875, -1.10249)

[node name="maxdamage_zombie-low-poly" instance=ExtResource("1_t6g8y")]
script = ExtResource("2_v11h5")

[node name="Armature" parent="." index="0"]
transform = Transform3D(-1, 0, -8.74228e-08, 0, 1, 0, 8.74228e-08, 0, -1, 0, 0, 0)

[node name="Skeleton3D" parent="Armature" index="0"]
bones/1/position = Vector3(0.000701256, 0.680191, -0.0217361)
bones/1/rotation = Quaternion(0.713587, -8.56817e-08, 8.57562e-08, 0.700567)
bones/1/scale = Vector3(1, 1, 1)
bones/2/rotation = Quaternion(-0.852591, 0.00789462, 0.0164359, 0.52226)
bones/2/scale = Vector3(1, 1, 1)
bones/3/rotation = Quaternion(0.242021, -0.0116074, -0.0447607, 0.969169)
bones/4/rotation = Quaternion(-0.536029, 0.234348, 0.633785, 0.506034)
bones/4/scale = Vector3(1, 1, 1)
bones/5/rotation = Quaternion(-0.44657, 0.41664, -0.235321, 0.756049)
bones/6/rotation = Quaternion(-0.138324, 0.134126, 0.0550126, 0.97972)
bones/6/scale = Vector3(0.999999, 1, 1)
bones/7/rotation = Quaternion(-0.0632043, 0.224951, -0.0506838, 0.970996)
bones/8/rotation = Quaternion(-0.0392889, 0.187779, -0.188731, 0.963108)
bones/8/scale = Vector3(1, 1, 1)
bones/9/rotation = Quaternion(0.011799, 0.0976813, -0.0996508, 0.990146)
bones/9/scale = Vector3(1, 1, 1)
bones/10/rotation = Quaternion(0.0463025, 0.0984664, -0.095076, 0.989505)
bones/10/scale = Vector3(1, 1, 1)
bones/11/rotation = Quaternion(-0.0137176, 0.233298, -0.250724, 0.939426)
bones/12/rotation = Quaternion(-0.010766, 0.0401762, -0.0437686, 0.998176)
bones/14/rotation = Quaternion(-0.620703, -0.034324, 0.325088, 0.712648)
bones/14/scale = Vector3(1, 1, 1)
bones/16/rotation = Quaternion(0.133262, 0.204985, -0.0883252, 0.96562)
bones/17/rotation = Quaternion(0.303869, 0.287667, 0.666204, -0.617319)
bones/17/scale = Vector3(0.999999, 0.999999, 1)
bones/18/rotation = Quaternion(-0.607129, -0.158139, 0.178801, 0.757903)
bones/18/scale = Vector3(1, 1, 1)
bones/19/rotation = Quaternion(-0.228979, 0.120707, -0.301406, 0.917689)
bones/19/scale = Vector3(1, 1, 1)
bones/20/rotation = Quaternion(0.127924, 0.0311409, -0.0844358, 0.987692)
bones/20/scale = Vector3(1, 1, 1)
bones/21/rotation = Quaternion(-0.0392888, -0.187779, 0.188731, 0.963108)
bones/22/rotation = Quaternion(0.011799, -0.0976813, 0.0996508, 0.990146)
bones/22/scale = Vector3(1, 1, 1)
bones/23/rotation = Quaternion(0.0463025, -0.0984663, 0.095076, 0.989505)
bones/23/scale = Vector3(1, 1, 1)
bones/24/rotation = Quaternion(-0.0137176, -0.233298, 0.250724, 0.939426)
bones/24/scale = Vector3(1, 1, 1)
bones/25/rotation = Quaternion(-0.010766, -0.0401761, 0.0437686, 0.998176)
bones/25/scale = Vector3(1, 1, 1)
bones/26/rotation = Quaternion(0.0391031, -0.0944373, 0.0928192, 0.990423)
bones/27/scale = Vector3(1, 1, 1)
bones/29/rotation = Quaternion(0.133262, -0.204985, 0.0883252, 0.96562)
bones/29/scale = Vector3(1, 1, 1)
bones/30/rotation = Quaternion(0.273837, -0.0189806, -0.0838989, 0.957922)
bones/31/rotation = Quaternion(0.201297, -0.0313259, -0.0559771, 0.977428)
bones/31/scale = Vector3(1, 1, 1)
bones/32/rotation = Quaternion(-0.433327, 0.122043, 0.123496, 0.884354)
bones/33/rotation = Quaternion(-3.54954e-08, 0.661021, 0.750368, -2.84073e-08)
bones/34/rotation = Quaternion(0.514517, -0.096119, 0.0718775, 0.849039)
bones/34/scale = Vector3(1, 1, 1)
bones/35/rotation = Quaternion(0.440474, -0.0179961, 0.020159, 0.897359)
bones/35/scale = Vector3(1, 1, 0.999999)
bones/36/rotation = Quaternion(-0.670978, -0.127605, 0.153222, 0.714163)
bones/36/scale = Vector3(1, 1, 1)
bones/37/rotation = Quaternion(0.663659, 0.0184482, -0.0865279, 0.742785)
bones/38/rotation = Quaternion(0.453329, 0.017867, -0.0207474, 0.890923)
bones/38/scale = Vector3(1, 1, 1)
bones/39/rotation = Quaternion(-0.790491, 0.133245, -0.22557, 0.553613)
bones/40/position = Vector3(0.0583018, 1.36653, 0.0998059)
bones/40/rotation = Quaternion(0.476977, -0.0783157, -0.150603, 0.862368)
bones/41/scale = Vector3(1, 1, 1)
bones/42/rotation = Quaternion(0.971231, 0.124995, 0.124995, 0.15957)
bones/43/position = Vector3(0.142843, 1.25248, 1.09379)
bones/44/position = Vector3(-0.229075, 0.66649, -0.196081)
bones/44/rotation = Quaternion(-0.991025, 0.00207137, -0.133661, 0.000619434)
bones/44/scale = Vector3(1, 1, 1)
bones/45/position = Vector3(0.209119, 0.745624, -0.199539)
bones/45/rotation = Quaternion(0.725374, 0.0551516, 0.685944, -0.0164929)
bones/46/position = Vector3(0.000701256, 0.680191, -0.0217361)
bones/46/rotation = Quaternion(-1.14938e-07, 0.707107, 0.707107, 5.2154e-08)
bones/46/scale = Vector3(1, 1, 1)
bones/50/position = Vector3(-0.270572, 0.111618, 0.0892649)
bones/50/rotation = Quaternion(-0.707107, -8.9407e-08, -8.45175e-08, 0.707107)
bones/50/scale = Vector3(1, 1, 1)
bones/51/position = Vector3(0.0342087, -1.38206, 0.264232)
bones/51/rotation = Quaternion(-0.0135745, -2.77994e-09, -0.0138077, 0.999813)
bones/52/position = Vector3(0.195175, 0.125969, -0.134292)
bones/52/rotation = Quaternion(-0.707107, -8.19564e-08, -8.26549e-08, 0.707107)
bones/53/position = Vector3(0.0369582, -1.21622, 0.497251)
bones/53/rotation = Quaternion(-0.0135744, 1.01883e-10, 0.0138077, 0.999813)

[node name="Head" type="BoneAttachment3D" parent="Armature/Skeleton3D" index="1"]
transform = Transform3D(0.996402, 0.00962694, 0.0841987, 0, 0.993527, -0.113596, -0.0847472, 0.113188, 0.989952, 0.0583023, 1.36714, 0.0998059)
bone_name = "head"
bone_idx = 32

[node name="Area3D" type="Area3D" parent="Armature/Skeleton3D/Head" index="0"]
collision_layer = 2
collision_mask = 2
script = ExtResource("3_l8drg")

[node name="CollisionShape3D" type="CollisionShape3D" parent="Armature/Skeleton3D/Head/Area3D" index="0"]
shape = SubResource("SphereShape3D_e4uuc")

[node name="Spine" type="BoneAttachment3D" parent="Armature/Skeleton3D" index="2"]
transform = Transform3D(0.997874, 0.0448708, -0.0472563, -0.0465962, 0.998263, -0.0360661, 0.0455559, 0.0381914, 0.998231, -0.00612302, 0.903424, -0.1193)
bone_name = "spine"
bone_idx = 3

[node name="Area3D" type="Area3D" parent="Armature/Skeleton3D/Spine" index="0"]
collision_layer = 2
collision_mask = 2

[node name="CollisionShape3D" type="CollisionShape3D" parent="Armature/Skeleton3D/Spine/Area3D" index="0"]
transform = Transform3D(0.999594, 0.0244523, 0.0146403, -0.0158862, 0.904536, -0.426101, -0.0236619, 0.425696, 0.904557, -0.0046747, 0.202116, 0.093201)
shape = SubResource("CapsuleShape3D_hktev")

[node name="Pelvis" type="BoneAttachment3D" parent="Armature/Skeleton3D" index="3"]
transform = Transform3D(0.999335, -0.0306294, -0.0197801, 0.0361979, 0.898504, 0.43747, 0.00437303, -0.437895, 0.899015, 0.00070125, 0.703236, -0.0217361)
bone_name = "pelvis"
bone_idx = 2

[node name="Area3D" type="Area3D" parent="Armature/Skeleton3D/Pelvis" index="0"]
collision_layer = 2
collision_mask = 2

[node name="CollisionShape3D" type="CollisionShape3D" parent="Armature/Skeleton3D/Pelvis/Area3D" index="0"]
transform = Transform3D(0.999594, 0.0244523, 0.0146403, -0.0158862, 0.904536, -0.426102, -0.0236619, 0.425696, 0.904557, -0.00924942, 0.0885621, 0.037913)
shape = SubResource("SphereShape3D_nrn77")

[node name="Forearm_L" type="BoneAttachment3D" parent="Armature/Skeleton3D" index="4"]
transform = Transform3D(0.109608, -0.166819, 0.979875, -0.113169, -0.981501, -0.154436, 0.987511, -0.0939648, -0.126459, 0.245763, 1.05615, -0.178551)
bone_name = "forearm.L"
bone_idx = 19

[node name="Area3D" type="Area3D" parent="Armature/Skeleton3D/Forearm_L" index="0"]
collision_layer = 2
collision_mask = 2

[node name="CollisionShape3D" type="CollisionShape3D" parent="Armature/Skeleton3D/Forearm_L/Area3D" index="0"]
transform = Transform3D(0.997078, 0.0762479, 0.00467692, -0.0760827, 0.996684, -0.0288391, -0.00686035, 0.0283989, 0.999573, -0.00490394, 0.170501, 0.0128245)
shape = SubResource("CapsuleShape3D_57lst")

[node name="Forearm_R" type="BoneAttachment3D" parent="Armature/Skeleton3D" index="5"]
transform = Transform3D(0.978872, -0.0997409, -0.178493, -0.0735092, -0.986255, 0.147983, -0.1908, -0.131735, -0.972749, -0.203309, 0.978647, -0.162253)
bone_name = "forearm.R"
bone_idx = 6

[node name="Area3D" type="Area3D" parent="Armature/Skeleton3D/Forearm_R" index="0"]
collision_layer = 2
collision_mask = 2

[node name="CollisionShape3D" type="CollisionShape3D" parent="Armature/Skeleton3D/Forearm_R/Area3D" index="0"]
transform = Transform3D(0.997078, 0.0762479, 0.00467692, -0.0760827, 0.996684, -0.0288391, -0.00686035, 0.0283989, 0.999573, -0.00490394, 0.170501, 0.0128245)
shape = SubResource("CapsuleShape3D_57lst")

[node name="Bicept_L" type="BoneAttachment3D" parent="Armature/Skeleton3D" index="6"]
transform = Transform3D(0.355776, 0.154797, 0.921661, -0.633544, -0.685054, 0.359616, 0.687055, -0.711856, -0.145655, 0.208003, 1.22326, -0.00490501)
bone_name = "bicep.L"
bone_idx = 18

[node name="Area3D" type="Area3D" parent="Armature/Skeleton3D/Bicept_L" index="0"]
collision_layer = 2
collision_mask = 2

[node name="CollisionShape3D" type="CollisionShape3D" parent="Armature/Skeleton3D/Bicept_L/Area3D" index="0"]
transform = Transform3D(0.997078, 0.0762479, 0.00467689, -0.0760826, 0.996685, -0.0288392, -0.00686037, 0.0283989, 0.999573, -0.0273494, 0.0981593, 0.0336391)
shape = SubResource("CapsuleShape3D_wj180")

[node name="Bicept_R" type="BoneAttachment3D" parent="Armature/Skeleton3D" index="7"]
transform = Transform3D(0.907987, -0.0771383, -0.411835, 0.109128, -0.905447, 0.410192, -0.404536, -0.417392, -0.813716, -0.184492, 1.19952, -0.0604369)
bone_name = "bicep.R"
bone_idx = 5

[node name="Area3D" type="Area3D" parent="Armature/Skeleton3D/Bicept_R" index="0"]
collision_layer = 2
collision_mask = 2

[node name="CollisionShape3D" type="CollisionShape3D" parent="Armature/Skeleton3D/Bicept_R/Area3D" index="0"]
transform = Transform3D(0.996751, -0.0440879, 0.0674103, 0.0460037, 0.998572, -0.027139, -0.0661177, 0.0301515, 0.997356, 0.00639686, 0.0489541, 0.00861347)
shape = SubResource("CapsuleShape3D_wj180")

[node name="Thigh_L" type="BoneAttachment3D" parent="Armature/Skeleton3D" index="8"]
transform = Transform3D(0.984345, 0.15303, -0.087444, 0.144148, -0.984471, -0.1002, -0.10142, 0.0860269, -0.991117, 0.117434, 0.67954, 0.0425427)
bone_name = "thigh.L"
bone_idx = 37

[node name="Area3D" type="Area3D" parent="Armature/Skeleton3D/Thigh_L" index="0"]
collision_layer = 2
collision_mask = 2

[node name="CollisionShape3D" type="CollisionShape3D" parent="Armature/Skeleton3D/Thigh_L/Area3D" index="0"]
transform = Transform3D(0.996751, -0.0440879, 0.0674104, 0.0460037, 0.998572, -0.027139, -0.0661177, 0.0301515, 0.997356, -0.00388427, 0.166867, 0.0199001)
shape = SubResource("CapsuleShape3D_xjpay")

[node name="Thigh_R" type="BoneAttachment3D" parent="Armature/Skeleton3D" index="9"]
transform = Transform3D(0.971189, -0.220963, -0.0892532, -0.237568, -0.8682, -0.435649, 0.0187729, 0.444302, -0.89568, -0.116032, 0.67954, 0.0425427)
bone_name = "thigh.R"
bone_idx = 34

[node name="Area3D" type="Area3D" parent="Armature/Skeleton3D/Thigh_R" index="0"]
collision_layer = 2
collision_mask = 2

[node name="CollisionShape3D" type="CollisionShape3D" parent="Armature/Skeleton3D/Thigh_R/Area3D" index="0"]
transform = Transform3D(0.996751, -0.0440879, 0.0674104, 0.0460037, 0.998572, -0.027139, -0.0661177, 0.0301515, 0.997356, -0.00388427, 0.166867, 0.0199001)
shape = SubResource("CapsuleShape3D_xjpay")

[node name="Calf_L" type="BoneAttachment3D" parent="Armature/Skeleton3D" index="10"]
transform = Transform3D(0.984119, 0.071767, -0.162351, 0.169453, -0.652191, 0.738873, -0.0528572, -0.75465, -0.653995, 0.175266, 0.307496, 0.0750534)
bone_name = "calf.L"
bone_idx = 38

[node name="Area3D" type="Area3D" parent="Armature/Skeleton3D/Calf_L" index="0"]
collision_layer = 2
collision_mask = 2

[node name="CollisionShape3D" type="CollisionShape3D" parent="Armature/Skeleton3D/Calf_L/Area3D" index="0"]
transform = Transform3D(0.995746, -0.0780217, 0.0490217, 0.0675249, 0.979859, 0.187926, -0.0626967, -0.183816, 0.980959, -0.00595279, 0.137334, -0.00569394)
shape = SubResource("CapsuleShape3D_nth0h")

[node name="Calf_R" type="BoneAttachment3D" parent="Armature/Skeleton3D" index="11"]
transform = Transform3D(0.960812, -0.256069, 0.106155, -0.276675, -0.862318, 0.424098, -0.0170586, -0.436849, -0.899372, -0.199537, 0.351435, 0.21045)
bone_name = "calf.R"
bone_idx = 35

[node name="Area3D" type="Area3D" parent="Armature/Skeleton3D/Calf_R" index="0"]
collision_layer = 2
collision_mask = 2

[node name="CollisionShape3D" type="CollisionShape3D" parent="Armature/Skeleton3D/Calf_R/Area3D" index="0"]
transform = Transform3D(0.995746, -0.0780217, 0.0490217, 0.0675249, 0.979859, 0.187926, -0.0626967, -0.183816, 0.980959, -0.00595279, 0.137334, -0.00569394)
shape = SubResource("CapsuleShape3D_nth0h")

[node name="CollisionShape3D" type="CollisionShape3D" parent="." index="1"]
transform = Transform3D(1, 0, 0, 0, 1, 0, 0, 0, 1, 0, 0.780318, 0)
shape = SubResource("CapsuleShape3D_yt0xt")

[node name="NavigationAgent3D" type="NavigationAgent3D" parent="." index="3"]
path_height_offset = 0.35

[node name="AnimationTree" type="AnimationTree" parent="." index="4"]
tree_root = SubResource("AnimationNodeStateMachine_5nmoi")
anim_player = NodePath("../AnimationPlayer")
parameters/conditions/attack = false
parameters/conditions/walk = false
